76561198061116734
76561198321732773
76561198268731868
76561198291906318
76561198449275537
76561197979774760
76561198865679632
76561198220711191
76561198414295007
76561198819520825
76561198006584703
76561198064156757
76561198045361413
76561197978088497
76561198029431138
76561198070220549
76561198009264781
76561198213909425
76561198193401154
76561198192424481
76561198042359209
76561198048662593
76561198327800598
76561198083336629
76561198152959083
76561198261739325
76561198046680021
76561198297880028
76561198054919446
76561198181250281
76561198065418672
76561198423785219
76561198194545029
76561198405588742
76561198272434679
76561198051961968
76561198278847140
76561198029638398
76561198337698029